camera_matrix:
- - 1776.8510015227457
  - 0.0
  - 611.2683674594751
- - 0.0
  - 1781.126865592799
  - 367.4735885278868
- - 0.0
  - 0.0
  - 1.0
distortion_coefficients:
- - 0.12907328693035716
  - 0.7321592777525774
  - 0.0017849291989413241
  - 0.0006123719458755221
  - -3.597537498245009
